Coordinate = [
-48, -4, 44
50, -6, 44
-26, 56, 10
28, 56, 10
-16, 62, -12
18, 62, -12
-22, 10, 46
26, 10, 46
-12, 50, -8
12, 50, -8
-44, 24, 18
44, 24, 18
-34, 34, -2
34, 34, -2
-20, 52, -24
20, 52, -24
-50, -18, 20
52, -16, 22
-10, 14, 62
12, 14, 62
-12, 16, -18
10, 16, -18
-4, 52, 30
6, 52, 30
-12, 48, -10
14, 48, -10
-6, 38, -14
6, 38, -14
-38, 16, 0
38, 16, 0
-6, 24, 28
8, 24, 28
-2, 12, 26
4, 12, 26
-6, -4, 34
6, -4, 34
-26, -30, -8
28, -30, -8
-20, -22, -20
22, -22, -20
-18, -8, -20
20, -8, -20
-10, -74, 6
10, -74, 6
-12, -82, 6
12, -82, 6
-16, -64, -6
16, -64, -6
-18, -86, 10
18, -86, 10
-22, -90, 20
22, -90, 20
-26, -92, -6
26, -92, -6
-38, -52, -16
38, -52, -16
-50, -24, 38
50, -24, 38
-14, -46, 66
14, -46, 66
-42, -52, 44
42, -52, 44
-46, -40, 40
46, -40, 40
-46, -62, 34
46, -62, 34
-8, -68, 60
8, -68, 60
-6, -24, 60
6, -24, 60
-10, 12, 14
10, 12, 14
-22, 2, 2
26, 4, -4
-22, -4, -4
22, -4, -4
-12, -18, 8
12, -18, 8
-52, -18, 8
52, -18, 8
-56, -24, -8
56, -24, -8
-42, 14, -30
42, 14, -30
-60, -38, 6
60, -38, 6
-38, 14, -38
38, 14, -38
-46, -68, -12
46, -68, -12
-30, -68, -20
30, -68, -20
-18, -56, -16
18, -56, -16
-16, -68, -30
16, -68, -30
-22, -62, -46
22, -62, -46
-26, -44, -56
26, -44, -56
-34, -38, -60
34, -38, -60
-42, -30, -54
42, -30, -54
-50, -20, -44
50, -20, -44
-58, -12, -34
58, -12, -34
0, -64, -26
0, -56, -34
0, -48, -42
0, -38, -48
0, -30, -56
0, -20, -62
0, -12, -64
0, -4, -64];
